1 0.0042
2 0.0038
3 0.0039
4 0.0043
5 0.0048
6 0.0043
7 0.0041
8 0.0038
9 0.0041
10 0.004
11 0.0041
12 0.0047
13 0.0043
14 0.0043
15 0.0042
16 0.0057
17 0.0042
18 0.0042
19 0.0048
20 0.0042
21 0.0042
22 0.0039
23 0.0041
24 0.0041
25 0.0042
26 0.0044
27 0.0043
28 0.0042
29 0.0042
30 0.004
31 0.0043
32 0.004
33 0.0088
34 0.0041
35 0.0038
36 0.0038
37 0.0038
38 0.0043
39 0.0044
40 0.0043
41 0.0041
42 0.0043
43 0.0041
44 0.0039
45 0.0044
46 0.0042
47 0.0044
48 0.004
49 0.0039
50 0.0043
51 0.0042
52 0.0039
53 0.0039
54 0.0043
55 0.0042
56 0.0041
57 0.0042
58 0.0041
59 0.0042
60 0.0041
61 0.0047
62 0.0039
63 0.0041
64 0.0038
65 0.0042
66 0.0039
67 0.0042
68 0.0043
69 0.0039
70 0.0041
71 0.0039
72 0.0038
73 0.0042
74 0.004
75 0.0044
76 0.0039
77 0.0044
78 0.0039
79 0.0041
80 0.0039
81 0.0042
82 0.0039
83 0.0039
84 0.0042
85 0.004
86 0.0042
87 0.0043
88 0.0045
89 0.0044
90 0.0044
91 0.0042
92 0.0042
93 0.004
94 0.0041
95 0.0042
96 0.0041
97 0.0042
98 0.0044
99 0.0038
100 0.0042
101 0.0043
102 0.0044
103 0.0044
104 0.0042
105 0.0042
106 0.0043
107 0.0043
108 0.0045
109 0.0042
110 0.0043
111 0.0042
112 0.0042
113 0.0041
114 0.0043
115 0.0044
116 0.0043
117 0.0043
118 0.0044
119 0.0042
120 0.0044
121 0.0042
122 0.0042
123 0.0042
124 0.0043
125 0.0043
126 0.0043
127 0.0044
128 0.0042
129 0.0042
130 0.0039
131 0.0042
132 0.0039
133 0.0044
134 0.004
135 0.0041
136 0.0042
137 0.0041
138 0.0043
139 0.0042
140 0.0042
141 0.0038
142 0.004
143 0.0038
144 0.0039
145 0.0039
146 0.0041
147 0.0042
148 0.0038
149 0.0039
150 0.0044
151 0.0043
152 0.0041
153 0.0039
154 0.0041
155 0.0042
156 0.004
157 0.0042
158 0.0039
159 0.0041
160 0.0039
161 0.0041
162 0.0041
163 0.004
164 0.0039
165 0.0038
166 0.0039
167 0.0042
168 0.0042
169 0.0041
170 0.0043
171 0.0042
172 0.0043
173 0.0042
174 0.004
175 0.0044
176 0.0038
177 0.0042
178 0.0041
179 0.0038
180 0.0043
181 0.0042
182 0.0043
183 0.0039
184 0.0039
185 0.004
186 0.0039
187 0.0041
188 0.0042
189 0.0038
190 0.0043
191 0.004
192 0.0043
193 0.0043
194 0.0041
195 0.0042
196 0.0042
197 0.0042
198 0.0045
199 0.0042
200 0.0042
201 0.0039
202 0.0042
203 0.004
204 0.0041
205 0.0041
206 0.0042
207 0.0042
208 0.0044
209 0.0039
210 0.0042
211 0.0044
212 0.0046
213 0.0043
214 0.0041
215 0.0042
216 0.0042
217 0.0041
218 0.0038
219 0.0042
220 0.0043
