1 0.2324
2 0.2155
3 0.2159
4 0.2401
5 0.2488
6 0.2367
7 0.2272
8 0.2145
9 0.2235
10 0.2245
11 0.2289
12 0.2397
13 0.2381
14 0.2335
15 0.2301
16 0.3175
17 0.227
18 0.2302
19 0.2445
20 0.2264
21 0.2321
22 0.2195
23 0.2275
24 0.2276
25 0.2277
26 0.2297
27 0.1656
28 0.1714
29 0.2304
30 0.2196
31 0.2323
32 0.2237
33 0.4682
34 0.2257
35 0.1547
36 0.153
37 0.1493
38 0.171
39 0.1743
40 0.2311
41 0.227
42 0.1661
43 0.2247
44 0.2164
45 0.1757
46 0.2276
47 0.1711
48 0.224
49 0.2148
50 0.1669
51 0.1669
52 0.2194
53 0.2218
54 0.2336
55 0.1665
56 0.2295
57 0.2274
58 0.2232
59 0.2331
60 0.225
61 0.2387
62 0.1571
63 0.2204
64 0.1558
65 0.2316
66 0.1547
67 0.2304
68 0.2275
69 0.2173
70 0.2251
71 0.1582
72 0.1596
73 0.2318
74 0.22
75 0.1728
76 0.2166
77 0.2519
78 0.1557
79 0.1592
80 0.1626
81 0.2301
82 0.2131
83 0.2093
84 0.2305
85 0.2655
86 0.226
87 0.2295
88 0.2366
89 0.2373
90 0.2343
91 0.2274
92 0.2359
93 0.22
94 0.2274
95 0.1701
96 0.2267
97 0.2333
98 0.2352
99 0.154
100 0.2341
101 0.2352
102 0.2351
103 0.2362
104 0.2244
105 0.2281
106 0.2523
107 0.232
108 0.2384
109 0.2257
110 0.2299
111 0.2278
112 0.2253
113 0.2259
114 0.2338
115 0.2361
116 0.2335
117 0.2349
118 0.2399
119 0.2278
120 0.2857
121 0.2343
122 0.2253
123 0.2291
124 0.2299
125 0.2358
126 0.2334
127 0.2578
128 0.2285
129 0.226
130 0.2204
131 0.2369
132 0.156
133 0.1651
134 0.2718
135 0.225
136 0.2246
137 0.2244
138 0.2305
139 0.2301
140 0.2231
141 0.1513
142 0.1571
143 0.1492
144 0.155
145 0.1565
146 0.224
147 0.2252
148 0.1553
149 0.1604
150 0.1648
151 0.1679
152 0.2238
153 0.1561
154 0.222
155 0.2266
156 0.2269
157 0.2357
158 0.2126
159 0.2271
160 0.2155
161 0.2249
162 0.2222
163 0.1614
164 0.2175
165 0.153
166 0.156
167 0.2264
168 0.2249
169 0.2313
170 0.236
171 0.2331
172 0.2311
173 0.2268
174 0.2289
175 0.2323
176 0.1521
177 0.225
178 0.1667
179 0.1551
180 0.2312
181 0.2269
182 0.2271
183 0.1536
184 0.2283
185 0.2236
186 0.1542
187 0.2217
188 0.2327
189 0.1567
190 0.2339
191 0.2215
192 0.1771
193 0.2304
194 0.2295
195 0.2272
196 0.2301
197 0.2267
198 0.2536
199 0.2294
200 0.2288
201 0.216
202 0.2263
203 0.2199
204 0.2274
205 0.2252
206 0.2261
207 0.2267
208 0.2444
209 0.2166
210 0.2242
211 0.2349
212 0.2376
213 0.2312
214 0.2414
215 0.226
216 0.2333
217 0.2244
218 0.1523
219 0.2327
220 0.235
