1 0.0026
2 0.0022
3 0.0023
4 0.0027
5 0.003
6 0.0027
7 0.0025
8 0.0022
9 0.0025
10 0.0024
11 0.0025
12 0.0029
13 0.0027
14 0.0027
15 0.0026
16 0.0036
17 0.0025
18 0.0026
19 0.0031
20 0.0025
21 0.0027
22 0.0023
23 0.0025
24 0.0025
25 0.0025
26 0.0027
27 0.0024
28 0.0024
29 0.0025
30 0.0024
31 0.0026
32 0.0024
33 0.0056
34 0.0025
35 0.0022
36 0.0022
37 0.0021
38 0.0024
39 0.0024
40 0.0026
41 0.0024
42 0.0024
43 0.0025
44 0.0022
45 0.0024
46 0.0026
47 0.0024
48 0.0024
49 0.0023
50 0.0023
51 0.0024
52 0.0023
53 0.0023
54 0.0026
55 0.0023
56 0.0025
57 0.0025
58 0.0025
59 0.0026
60 0.0024
61 0.0029
62 0.0023
63 0.0025
64 0.0022
65 0.0025
66 0.0022
67 0.0026
68 0.0026
69 0.0022
70 0.0025
71 0.0023
72 0.0022
73 0.0025
74 0.0023
75 0.0025
76 0.0023
77 0.0028
78 0.0023
79 0.0023
80 0.0023
81 0.0025
82 0.0023
83 0.0022
84 0.0025
85 0.0022
86 0.0025
87 0.0026
88 0.0028
89 0.0027
90 0.0027
91 0.0026
92 0.0026
93 0.0023
94 0.0025
95 0.0027
96 0.0024
97 0.0026
98 0.0028
99 0.0022
100 0.0025
101 0.0027
102 0.0026
103 0.0028
104 0.0026
105 0.0026
106 0.0028
107 0.0027
108 0.0028
109 0.0025
110 0.0026
111 0.0025
112 0.0026
113 0.0025
114 0.0026
115 0.0027
116 0.0027
117 0.0027
118 0.0028
119 0.0026
120 0.0024
121 0.0025
122 0.0026
123 0.0026
124 0.0026
125 0.0027
126 0.0027
127 0.0028
128 0.0025
129 0.0025
130 0.0023
131 0.0025
132 0.0023
133 0.0024
134 0.0022
135 0.0025
136 0.0025
137 0.0024
138 0.0026
139 0.0026
140 0.0025
141 0.0022
142 0.0023
143 0.0021
144 0.0022
145 0.0022
146 0.0024
147 0.0026
148 0.0022
149 0.0023
150 0.0025
151 0.0023
152 0.0025
153 0.0022
154 0.0025
155 0.0025
156 0.0024
157 0.0026
158 0.0022
159 0.0025
160 0.0022
161 0.0025
162 0.0024
163 0.0023
164 0.0023
165 0.0021
166 0.0023
167 0.0026
168 0.0025
169 0.0025
170 0.0027
171 0.0026
172 0.0027
173 0.0025
174 0.0024
175 0.0027
176 0.0021
177 0.0027
178 0.0026
179 0.0022
180 0.0026
181 0.0026
182 0.0027
183 0.0023
184 0.0023
185 0.0024
186 0.0023
187 0.0026
188 0.0027
189 0.0022
190 0.0027
191 0.0024
192 0.0027
193 0.0027
194 0.0025
195 0.0026
196 0.0026
197 0.0026
198 0.0029
199 0.0025
200 0.0025
201 0.0023
202 0.0025
203 0.0024
204 0.0026
205 0.0025
206 0.0025
207 0.0026
208 0.0029
209 0.0023
210 0.0025
211 0.0027
212 0.0029
213 0.0027
214 0.0026
215 0.0026
216 0.0025
217 0.0025
218 0.0022
219 0.0027
220 0.0026
