1 0.0027
2 0.0023
3 0.0024
4 0.0028
5 0.0032
6 0.0028
7 0.0026
8 0.0023
9 0.0026
10 0.0025
11 0.0026
12 0.0031
13 0.0028
14 0.0028
15 0.0026
16 0.0037
17 0.0026
18 0.0027
19 0.0033
20 0.0026
21 0.0028
22 0.0024
23 0.0025
24 0.0026
25 0.0026
26 0.0028
27 0.0025
28 0.0025
29 0.0026
30 0.0025
31 0.0027
32 0.0024
33 0.0058
34 0.0026
35 0.0023
36 0.0023
37 0.0022
38 0.0025
39 0.0026
40 0.0027
41 0.0025
42 0.0025
43 0.0026
44 0.0023
45 0.0025
46 0.0027
47 0.0025
48 0.0025
49 0.0024
50 0.0024
51 0.0025
52 0.0024
53 0.0024
54 0.0028
55 0.0025
56 0.0026
57 0.0026
58 0.0026
59 0.0027
60 0.0025
61 0.0031
62 0.0024
63 0.0026
64 0.0023
65 0.0026
66 0.0024
67 0.0027
68 0.0027
69 0.0023
70 0.0026
71 0.0024
72 0.0023
73 0.0026
74 0.0024
75 0.0026
76 0.0024
77 0.0029
78 0.0024
79 0.0024
80 0.0024
81 0.0026
82 0.0024
83 0.0023
84 0.0025
85 0.003
86 0.0026
87 0.0027
88 0.0029
89 0.0028
90 0.0028
91 0.0027
92 0.0028
93 0.0025
94 0.0026
95 0.0028
96 0.0025
97 0.0027
98 0.0029
99 0.0023
100 0.0027
101 0.0028
102 0.0028
103 0.0029
104 0.0027
105 0.0027
106 0.003
107 0.0027
108 0.003
109 0.0026
110 0.0027
111 0.0026
112 0.0027
113 0.0026
114 0.0028
115 0.0028
116 0.0028
117 0.0028
118 0.0029
119 0.0027
120 0.0034
121 0.0027
122 0.0027
123 0.0027
124 0.0027
125 0.0028
126 0.0028
127 0.0031
128 0.0027
129 0.0026
130 0.0024
131 0.0026
132 0.0024
133 0.0026
134 0.0028
135 0.0026
136 0.0026
137 0.0025
138 0.0028
139 0.0027
140 0.0026
141 0.0023
142 0.0024
143 0.0023
144 0.0023
145 0.0024
146 0.0025
147 0.0026
148 0.0023
149 0.0024
150 0.0026
151 0.0025
152 0.0026
153 0.0023
154 0.0026
155 0.0027
156 0.0025
157 0.0027
158 0.0023
159 0.0026
160 0.0023
161 0.0026
162 0.0025
163 0.0024
164 0.0024
165 0.0023
166 0.0024
167 0.0027
168 0.0026
169 0.0026
170 0.0028
171 0.0027
172 0.0028
173 0.0026
174 0.0025
175 0.0029
176 0.0022
177 0.0028
178 0.0029
179 0.0023
180 0.0028
181 0.0027
182 0.0028
183 0.0025
184 0.0024
185 0.0025
186 0.0024
187 0.0027
188 0.0031
189 0.0023
190 0.0028
191 0.0025
192 0.0029
193 0.0029
194 0.0026
195 0.0027
196 0.0027
197 0.0027
198 0.0032
199 0.0026
200 0.0026
201 0.0023
202 0.0026
203 0.0025
204 0.0027
205 0.0025
206 0.0027
207 0.0028
208 0.0031
209 0.0024
210 0.0026
211 0.0028
212 0.0031
213 0.0029
214 0.0028
215 0.0026
216 0.0026
217 0.0026
218 0.0024
219 0.0027
220 0.0027
