10 -3020221.985576
10 -3015066.789647
10 -3009995.629794
10 -3009995.629794
10 -3010857.932206
10 -3010857.932206
10 -3015509.26469
10 -3019310.064155
10 -3014821.258155
10 -3014821.258155
10 -3020245.811144
10 -3014145.834634
10 -3014145.834634
10 -3010045.631502
10 -3008676.622864
10 -3008676.622864
10 -3009873.274481
10 -3009873.274481
10 -3015390.883103
10 -3015390.883103
10 -3015390.883103
10 -3016186.877019
10 -3019522.85716
10 -3015247.340241
10 -3008731.370582
10 -3009551.695524
10 -3009551.695524
10 -3013976.927959
10 -3013976.927959
10 -3009205.818195
10 -3014805.777912
10 -3014805.777912
10 -3010013.884307
10 -3009390.942137
10 -3009071.952184
10 -3016883.598518
10 -3015597.254293
10 -3013842.894302
10 -3014835.048823
10 -3014835.048823
10 -3015191.341253
10 -3009383.587423
10 -3010444.568916
10 -3014890.880397
10 -3014661.747329
10 -3009613.624954
10 -3014351.312448
10 -3009262.302276
10 -3014675.137811
10 -3014699.112683
11 -3000731.758802
11 -2995771.625351
11 -2995987.21999
11 -2995987.21999
11 -3006735.403317
11 -3006735.403317
11 -2996083.113795
11 -3001601.037812
11 -3001552.905589
11 -3001552.905589
11 -3001608.661465
11 -3006283.512342
11 -3006283.512342
11 -3001047.741462
11 -3001300.478464
11 -3001300.478464
11 -2995732.568147
11 -2995732.568147
11 -2996268.80571
11 -2996268.80571
11 -3001667.806415
11 -3000438.957822
11 -3001667.806415
11 -3001611.467939
11 -3001191.773034
11 -2996788.475356
11 -3001093.197688
11 -3001093.197688
11 -3001093.197688
11 -3001056.665538
11 -3005815.623137
11 -3005815.623137
11 -3006827.713959
11 -2998290.291565
11 -3001224.212732
11 -2995764.557123
11 -3001662.458992
11 -3001047.811615
11 -3001415.911063
11 -3001415.911063
11 -2997114.533375
11 -3002153.194057
11 -3001913.022466
11 -2995877.947558
11 -2997056.999335
11 -3002488.417053
11 -3002014.556857
11 -3001721.793511
11 -3002352.617466
11 -2999995.803851
1 -3500735.956612
1 -3500735.956613
1 -3500735.956614
1 -3500735.956611
1 -3500735.956611
1 -3500735.956614
1 -3500735.956611
1 -3500735.956611
1 -3500735.956611
1 -3500735.956611
1 -3500735.956612
1 -3500735.956611
1 -3500735.956612
1 -3500735.956611
1 -3500735.956611
1 -3500735.956613
1 -3500735.956612
1 -3500735.956612
1 -3500735.956611
1 -3500735.956611
1 -3500735.956611
1 -3500735.956612
1 -3500735.956611
1 -3500735.956611
1 -3500735.956613
1 -3500735.956611
1 -3500735.956611
1 -3500735.956611
1 -3500735.956611
1 -3500735.956612
1 -3500735.956612
1 -3500735.956611
1 -3500735.956612
1 -3500735.956611
1 -3500735.956612
1 -3500735.956611
1 -3500735.956612
1 -3500735.956612
1 -3500735.956614
1 -3500735.956611
1 -3500735.956611
1 -3500735.956612
1 -3500735.956612
1 -3500735.956614
1 -3500735.956613
1 -3500735.956611
1 -3500735.956612
1 -3500735.956613
1 -3500735.956612
1 -3500735.956611
2 -3261222.345062
2 -3261222.345062
2 -3261222.336445
2 -3261222.301787
2 -3261222.301787
2 -3261222.370736
2 -3261222.305875
2 -3261222.305875
2 -3261222.329768
2 -3261222.333878
2 -3261222.30215
2 -3261222.333878
2 -3261222.300595
2 -3261222.348243
2 -3261222.347186
2 -3261222.347186
2 -3261222.328467
2 -3261222.328467
2 -3261222.324658
2 -3261222.324658
2 -3261222.317722
2 -3261222.315309
2 -3261222.307344
2 -3261222.307344
2 -3261222.3029
2 -3261222.303928
2 -3261222.300352
2 -3261222.300352
2 -3261222.30619
2 -3261222.312459
2 -3261222.312459
2 -3261222.320105
2 -3261222.310752
2 -3261222.320105
2 -3261222.301552
2 -3261222.32469
2 -3261222.33675
2 -3261222.33675
2 -3261222.318618
2 -3261222.301245
2 -3261222.307889
2 -3261222.317511
2 -3261222.300326
2 -3261222.400434
2 -3261222.300133
2 -3261222.324991
2 -3261222.339463
2 -3261222.346478
2 -3261222.315138
2 -3261222.305962
3 -3176647.795884
3 -3176647.795884
3 -3177317.141643
3 -3177311.565564
3 -3177311.565564
3 -3176647.684276
3 -3177311.721173
3 -3177311.721173
3 -3176647.836669
3 -3176647.684763
3 -3177311.693445
3 -3176647.684763
3 -3177311.744438
3 -3177312.039257
3 -3177311.613935
3 -3177311.613935
3 -3177311.618316
3 -3177311.618316
3 -3177314.478424
3 -3177314.478424
3 -3176647.921296
3 -3176647.694054
3 -3176647.674796
3 -3176647.674796
3 -3177311.733681
3 -3177311.770123
3 -3177311.729285
3 -3177311.729285
3 -3177311.761374
3 -3177311.709755
3 -3177311.709755
3 -3177313.894477
3 -3177311.6792
3 -3177313.894477
3 -3176647.863858
3 -3177311.748312
3 -3177311.674918
3 -3177311.674918
3 -3177311.698216
3 -3177311.735327
3 -3177311.749764
3 -3177311.730195
3 -3177311.714204
3 -3177314.522468
3 -3176647.680335
3 -3177311.686363
3 -3177311.680489
3 -3177311.683753
3 -3177317.101035
3 -3176647.814866
4 -3092901.606317
4 -3092901.606317
4 -3092901.451251
4 -3092901.399452
4 -3092901.399452
4 -3092901.42282
4 -3092901.580944
4 -3092901.580944
4 -3092901.437537
4 -3092901.437537
4 -3092901.440029
4 -3092901.590069
4 -3092901.590069
4 -3092901.416017
4 -3092901.458352
4 -3092901.458352
4 -3092901.473875
4 -3092901.473875
4 -3092901.410684
4 -3092901.410684
4 -3092901.45522
4 -3092901.414415
4 -3092901.400892
4 -3092901.400892
4 -3092901.412865
4 -3092901.475533
4 -3092901.442917
4 -3092901.442917
4 -3092901.454396
4 -3092901.496326
4 -3092901.496326
4 -3092901.418559
4 -3092901.49714
4 -3092901.418559
4 -3092901.418674
4 -3092901.436338
4 -3092901.488443
4 -3092901.488443
4 -3092901.482679
4 -3092901.4139
4 -3092901.631879
4 -3092901.431747
4 -3092901.409183
4 -3092901.411861
4 -3092901.420052
4 -3092901.446505
4 -3092901.406373
4 -3092901.427303
4 -3092901.406866
4 -3092901.463122
5 -3078454.600472
5 -3078454.600472
5 -3078231.129605
5 -3078400.694943
5 -3078400.694943
5 -3078185.834003
5 -3078318.627818
5 -3078318.627818
5 -3078611.692813
5 -3078611.692813
5 -3078380.714918
5 -3078332.244315
5 -3078332.244315
5 -3078351.277705
5 -3078153.898174
5 -3078153.898174
5 -3078184.088833
5 -3078184.088833
5 -3078344.372756
5 -3078344.372756
5 -3078293.840551
5 -3078294.998001
5 -3078342.461205
5 -3078285.184867
5 -3078285.184867
5 -3078393.447931
5 -3078297.616178
5 -3078297.616178
5 -3078389.790123
5 -3078353.25925
5 -3078353.25925
5 -3078511.059681
5 -3078589.485368
5 -3078511.059681
5 -3077906.613885
5 -3078422.537937
5 -3078303.070066
5 -3078303.070066
5 -3078579.651883
5 -3078233.38792
5 -3078464.698101
5 -3078228.852402
5 -3078275.16866
5 -3079708.132932
5 -3078458.867702
5 -3078293.222984
5 -3078241.421883
5 -3078425.425472
5 -3078425.425472
5 -3078479.288076
6 -3063947.777179
6 -3064263.36086
6 -3064263.36086
6 -3064309.064411
6 -3064309.064411
6 -3063674.460389
6 -3065285.133538
6 -3065285.133538
6 -3064123.231533
6 -3064123.231533
6 -3065393.819068
6 -3064015.101005
6 -3064015.101005
6 -3065271.885889
6 -3069393.265881
6 -3069393.265881
6 -3064028.343703
6 -3064028.343703
6 -3065411.621332
6 -3065411.621332
6 -3063931.468646
6 -3064198.621683
6 -3065281.21574
6 -3064546.360183
6 -3064546.360183
6 -3064628.401964
6 -3064249.052828
6 -3064249.052828
6 -3063736.577564
6 -3063651.953023
6 -3064135.461582
6 -3064135.461582
6 -3063883.008195
6 -3064098.333883
6 -3064195.50282
6 -3064151.465355
6 -3064093.296019
6 -3064093.296019
6 -3064020.747226
6 -3065300.956058
6 -3063916.560637
6 -3064053.766912
6 -3063897.008989
6 -3064078.251963
6 -3063960.933842
6 -3064117.180735
6 -3070353.117319
6 -3063882.427697
6 -3063882.427697
6 -3063815.678853
7 -3055109.076846
7 -3049932.674819
7 -3049932.674819
7 -3050358.426157
7 -3051140.747773
7 -3051140.747773
7 -3050725.103401
7 -3049972.143554
7 -3055982.59422
7 -3055982.59422
7 -3051036.80386
7 -3049879.846394
7 -3049879.846394
7 -3051471.639991
7 -3049890.830505
7 -3049890.830505
7 -3049748.521809
7 -3049748.521809
7 -3056268.429148
7 -3050321.020902
7 -3050321.020902
7 -3051360.663091
7 -3055600.622132
7 -3056225.917745
7 -3056225.917745
7 -3050691.140168
7 -3050691.140168
7 -3050387.819621
7 -3050387.819621
7 -3050942.392117
7 -3055179.846858
7 -3055179.846858
7 -3050410.329076
7 -3050615.446206
7 -3049801.991139
7 -3050248.511771
7 -3051138.926704
7 -3051138.926704
7 -3050042.751807
7 -3050248.687807
7 -3050108.112914
7 -3051178.992526
7 -3049778.736264
7 -3051332.670019
7 -3050001.313604
7 -3050742.568259
7 -3050865.530486
7 -3049907.992172
7 -3049907.992172
7 -3055806.018869
8 -3037293.787614
8 -3042903.155517
8 -3042903.155517
8 -3037405.648788
8 -3036691.861328
8 -3036691.861328
8 -3037583.294134
8 -3041768.47122
8 -3041923.854695
8 -3041923.854695
8 -3036457.230081
8 -3042059.892008
8 -3042059.892008
8 -3036701.810804
8 -3036097.836085
8 -3036097.836085
8 -3042973.22655
8 -3042973.22655
8 -3040862.631217
8 -3043301.143167
8 -3037147.650906
8 -3041754.983408
8 -3037147.650906
8 -3035988.763848
8 -3035988.763848
8 -3036510.63794
8 -3036510.63794
8 -3041262.807442
8 -3041262.807442
8 -3036075.721029
8 -3041850.851977
8 -3041850.851977
8 -3036052.347116
8 -3035738.531237
8 -3037781.545697
8 -3036163.213037
8 -3041906.305552
8 -3041906.305552
8 -3035852.479098
8 -3036557.009153
8 -3036318.406173
8 -3036664.765834
8 -3036372.407843
8 -3036299.903882
8 -3041564.486737
8 -3036118.927073
8 -3036721.754511
8 -3036385.143566
8 -3036656.927159
8 -3043049.166204
9 -3022666.229437
9 -3027937.377475
9 -3023909.239261
9 -3023909.239261
9 -3023575.571311
9 -3023575.571311
9 -3022328.233487
9 -3027944.288199
9 -3028019.597832
9 -3028019.597832
9 -3027945.453725
9 -3028918.634384
9 -3028918.634384
9 -3028868.268797
9 -3023547.903427
9 -3023547.903427
9 -3023621.998489
9 -3023621.998489
9 -3022363.511265
9 -3032924.33804
9 -3032924.33804
9 -3023318.178152
9 -3024763.340859
9 -3027810.821347
9 -3028174.7894
9 -3023015.434856
9 -3023015.434856
9 -3028943.785467
9 -3028943.785467
9 -3022424.152457
9 -3028984.845389
9 -3028984.845389
9 -3023463.577045
9 -3023191.856817
9 -3023495.734153
9 -3034479.106705
9 -3023470.419585
9 -3022987.171232
9 -3022987.171232
9 -3028706.50244
9 -3024178.877832
9 -3023519.188956
9 -3028849.322086
9 -3028103.506981
9 -3022342.600298
9 -3022442.212163
9 -3023196.934651
9 -3023251.610829
9 -3029172.146709
9 -3029198.970746
