10 -3189148.524701
10 -3181967.534353
10 -3181967.534353
10 -3182775.130133
10 -3182775.130133
10 -3181657.248337
10 -3183959.248561
10 -3181657.248337
10 -3183959.248561
10 -3188987.538469
10 -3186575.549969
10 -3188347.972247
10 -3184255.309999
10 -3193109.762894
10 -3188347.972247
10 -3188347.972247
10 -3188399.253486
10 -3183077.543804
10 -3188879.283428
10 -3187867.457156
10 -3184353.861059
10 -3189639.237706
10 -3183077.543804
10 -3188307.307151
10 -3188234.867879
10 -3189977.406709
10 -3188879.283428
10 -3188260.427782
10 -3188260.427782
10 -3188708.598678
10 -3188708.598678
10 -3187501.12645
10 -3182179.606093
10 -3182263.448585
10 -3182263.448585
10 -3190400.288795
10 -3182263.448585
10 -3188708.598678
10 -3182609.62952
10 -3190400.288795
10 -3189295.538495
10 -3183404.623451
10 -3187501.12645
10 -3188158.595248
10 -3182839.937046
10 -3188158.595248
10 -3188518.091702
10 -3186906.297997
10 -3186906.297997
10 -3182741.513837
11 -3173555.257794
11 -3173555.257794
11 -3179335.612451
11 -3172727.948698
11 -3175541.235756
11 -3173505.806102
11 -3175541.235756
11 -3173298.05309
11 -3169289.103259
11 -3174704.943479
11 -3179122.275277
11 -3173298.05309
11 -3173510.355113
11 -3173708.55419
11 -3173708.55419
11 -3173708.55419
11 -3173544.965942
11 -3173544.965942
11 -3175230.363379
11 -3172889.061936
11 -3174030.147613
11 -3172484.363563
11 -3173340.018653
11 -3173478.640272
11 -3173604.193911
11 -3168070.365781
11 -3175230.363379
11 -3174030.147613
11 -3173478.640272
11 -3168070.365781
11 -3167577.859513
11 -3174030.147613
11 -3173677.489036
11 -3168070.365781
11 -3173971.10913
11 -3168070.365781
11 -3178665.740631
11 -3178665.740631
11 -3167070.183252
11 -3169958.544704
11 -3169542.427252
11 -3169542.427252
11 -3177570.886288
11 -3168652.145008
11 -3178758.237695
11 -3168652.145008
11 -3172958.71882
11 -3173802.821475
11 -3173802.821475
11 -3167599.875401
1 -3716133.856946
1 -3716133.856941
1 -3716133.856941
1 -3716133.856941
1 -3716133.856941
1 -3716133.856941
1 -3716133.856941
1 -3716133.856941
1 -3716133.856941
1 -3716133.856941
1 -3716133.856941
1 -3716133.856941
1 -3716133.856941
1 -3716133.856941
1 -3716133.856941
1 -3716133.856941
1 -3716133.856941
1 -3716133.856941
1 -3716133.856941
1 -3716133.856941
1 -3716133.856941
1 -3716133.856941
1 -3716133.856941
1 -3716133.856941
1 -3716133.856941
1 -3716133.856941
1 -3716133.856941
1 -3716133.856941
1 -3716133.856941
1 -3716133.856941
1 -3716133.856941
1 -3716133.856941
1 -3716133.856941
1 -3716133.856941
1 -3716133.856941
1 -3716133.856941
1 -3716133.856941
1 -3716133.856945
1 -3716133.856941
1 -3716133.856945
1 -3716133.856941
1 -3716133.856941
1 -3716133.856941
1 -3716133.856941
1 -3716133.856941
1 -3716133.856941
1 -3716133.856941
1 -3716133.856941
1 -3716133.856941
1 -3716133.856941
2 -3456029.801176
2 -3456029.759894
2 -3456029.759894
2 -3456029.71582
2 -3456029.71582
2 -3456029.71582
2 -3456029.798365
2 -3456029.65065
2 -3456029.558058
2 -3456029.708866
2 -3456029.6161
2 -3456029.785995
2 -3456029.65065
2 -3456029.692492
2 -3456029.735351
2 -3456029.791421
2 -3456029.599169
2 -3456029.675672
2 -3456029.770161
2 -3456029.690105
2 -3456029.675672
2 -3456029.788247
2 -3456029.692492
2 -3456029.810346
2 -3456029.810346
2 -3456029.692492
2 -3456029.784635
2 -3456029.784635
2 -3456029.810346
2 -3456029.713835
2 -3456029.803081
2 -3456029.63744
2 -3456029.819414
2 -3456029.692492
2 -3456029.750489
2 -3456029.705307
2 -3456029.63744
2 -3456029.713835
2 -3456029.591084
2 -3456029.695267
2 -3456029.696999
2 -3456029.696999
2 -3456029.781507
2 -3456029.819414
2 -3456029.621243
2 -3456029.813692
2 -3456029.813692
2 -3456029.77166
2 -3456029.696681
2 -3456029.696681
3 -3364049.722901
3 -3364049.732246
3 -3364049.732246
3 -3364049.762033
3 -3364049.693671
3 -3364049.762033
3 -3364049.734853
3 -3363809.621236
3 -3364049.734853
3 -3363809.629331
3 -3363809.595812
3 -3364049.739375
3 -3363809.629331
3 -3364052.653073
3 -3363809.621236
3 -3363809.621236
3 -3363809.643752
3 -3364049.683713
3 -3364049.659555
3 -3364049.711851
3 -3364049.711851
3 -3364060.361123
3 -3364049.711851
3 -3364049.718946
3 -3364052.704515
3 -3364049.718946
3 -3364049.738935
3 -3364060.343365
3 -3364060.389108
3 -3364049.587123
3 -3364060.343365
3 -3363809.648127
3 -3363809.664277
3 -3364049.587123
3 -3364049.779761
3 -3364060.389108
3 -3364049.732897
3 -3363809.666455
3 -3364049.729385
3 -3364052.628652
3 -3364049.729385
3 -3364052.628652
3 -3364049.732897
3 -3363809.664277
3 -3364049.718046
3 -3364049.658534
3 -3364049.658534
3 -3364049.542695
3 -3363809.599034
3 -3364049.722901
4 -3272010.900494
4 -3272010.93759
4 -3272010.938524
4 -3272010.938524
4 -3272010.755414
4 -3272010.966612
4 -3272010.966612
4 -3272010.962373
4 -3272010.950758
4 -3272010.94731
4 -3272010.955618
4 -3272010.94731
4 -3272010.9293
4 -3272010.94731
4 -3272010.963612
4 -3272010.963612
4 -3272010.962373
4 -3272010.859196
4 -3272010.861848
4 -3272010.859196
4 -3272010.861848
4 -3272010.95713
4 -3272010.955577
4 -3272010.964976
4 -3272010.940302
4 -3272010.964976
4 -3272010.930601
4 -3272010.862926
4 -3272010.927636
4 -3272010.964976
4 -3272010.967065
4 -3272010.967065
4 -3272010.963472
4 -3272010.967065
4 -3272010.964705
4 -3272010.964705
4 -3272010.952146
4 -3272010.870303
4 -3272010.902028
4 -3272010.870303
4 -3272010.902028
4 -3272010.966685
4 -3272010.955543
4 -3272010.963472
4 -3272010.96308
4 -3272010.932566
4 -3272010.966532
4 -3272010.966532
4 -3272010.953611
4 -3272010.953611
5 -3256266.081385
5 -3256370.475064
5 -3256370.475064
5 -3256404.469133
5 -3256404.469133
5 -3256506.158022
5 -3256296.76937
5 -3256435.353961
5 -3256518.841794
5 -3256394.702928
5 -3256265.61683
5 -3256394.702928
5 -3256137.737226
5 -3256137.737226
5 -3256353.505742
5 -3256353.505742
5 -3256350.543468
5 -3256551.222882
5 -3257864.103286
5 -3256495.137547
5 -3256491.583467
5 -3256394.964218
5 -3256551.222882
5 -3256684.817246
5 -3256491.583467
5 -3256495.137547
5 -3256539.863672
5 -3256491.583467
5 -3256357.93785
5 -3256581.079086
5 -3256357.93785
5 -3256357.93785
5 -3256459.49781
5 -3256345.171449
5 -3255911.276201
5 -3257864.103286
5 -3256567.278798
5 -3256431.126059
5 -3256383.517678
5 -3256785.344713
5 -3256345.171449
5 -3256383.517678
5 -3256424.102098
5 -3256459.49781
5 -3256596.27171
5 -3256541.738164
5 -3256476.126173
5 -3256476.126173
5 -3256362.699737
5 -3256266.081385
6 -3240597.616517
6 -3241275.366746
6 -3241275.366746
6 -3240980.792163
6 -3240980.792163
6 -3240784.494289
6 -3240784.494289
6 -3241884.133894
6 -3241352.596061
6 -3241884.133894
6 -3240966.262194
6 -3241884.133894
6 -3241640.589907
6 -3241640.589907
6 -3241640.589907
6 -3240898.877538
6 -3242761.32836
6 -3241718.668836
6 -3242462.995974
6 -3240791.403819
6 -3240898.258093
6 -3241595.167116
6 -3242028.090592
6 -3241083.87794
6 -3240722.474621
6 -3240722.474621
6 -3241543.906019
6 -3240791.403819
6 -3241687.492139
6 -3242508.475429
6 -3241543.906019
6 -3241687.492139
6 -3241407.863929
6 -3241687.492139
6 -3241687.492139
6 -3240989.515775
6 -3241108.015117
6 -3241687.492139
6 -3240989.515775
6 -3242195.54563
6 -3240919.404233
6 -3241049.525316
6 -3241131.596145
6 -3241341.181231
6 -3241131.596145
6 -3241341.181231
6 -3243183.508414
6 -3241136.765626
6 -3241136.765626
6 -3240597.616517
7 -3225934.603778
7 -3225934.603778
7 -3232191.779294
7 -3233494.808341
7 -3233494.808341
7 -3232016.434915
7 -3229507.866956
7 -3229507.866956
7 -3233448.41403
7 -3233448.41403
7 -3226665.781184
7 -3228326.92011
7 -3226988.719965
7 -3233320.033123
7 -3233320.033123
7 -3227028.122047
7 -3233320.033123
7 -3225786.54613
7 -3225782.706878
7 -3226103.7845
7 -3226103.7845
7 -3226826.89335
7 -3225786.54613
7 -3225944.833309
7 -3226988.719965
7 -3225786.54613
7 -3226259.555596
7 -3226259.555596
7 -3225786.54613
7 -3225918.787863
7 -3225823.569596
7 -3225944.833309
7 -3227183.30208
7 -3227028.122047
7 -3225944.833309
7 -3225797.251178
7 -3225823.569596
7 -3228071.353093
7 -3225823.569596
7 -3226103.047987
7 -3232096.894739
7 -3225823.569596
7 -3226903.507433
7 -3226228.163868
7 -3226903.507433
7 -3226228.163868
7 -3225870.151793
7 -3226079.235368
7 -3226079.235368
7 -3229892.554631
8 -3212719.040631
8 -3212719.040631
8 -3212719.040631
8 -3211642.278866
8 -3213275.185675
8 -3213275.185675
8 -3214026.466159
8 -3214026.466159
8 -3217054.228769
8 -3214026.466159
8 -3212129.937151
8 -3212785.564481
8 -3216677.211667
8 -3215900.988794
8 -3215900.988794
8 -3211809.050535
8 -3212785.564481
8 -3216677.211667
8 -3211809.050535
8 -3210832.889041
8 -3213360.252148
8 -3213062.168749
8 -3213360.252148
8 -3210832.889041
8 -3210832.889041
8 -3211052.856176
8 -3217054.228769
8 -3210595.730184
8 -3211548.071845
8 -3211052.856176
8 -3211548.071845
8 -3217361.606709
8 -3212275.703435
8 -3217203.206568
8 -3217361.606709
8 -3212730.702759
8 -3211548.071845
8 -3211139.500006
8 -3217203.206568
8 -3214380.60722
8 -3215756.384946
8 -3212730.702759
8 -3215756.384946
8 -3217064.648073
8 -3213172.141053
8 -3217064.648073
8 -3212255.948281
8 -3218333.505793
8 -3218333.505793
8 -3218333.505793
9 -3201984.996093
9 -3201984.996093
9 -3198907.223032
9 -3209063.873079
9 -3199351.576441
9 -3202550.456185
9 -3197803.861392
9 -3197803.861392
9 -3197803.861392
9 -3197803.861392
9 -3196390.497089
9 -3208433.127365
9 -3203148.431112
9 -3198281.063229
9 -3198059.781913
9 -3202593.163894
9 -3198281.063229
9 -3198059.781913
9 -3196794.406113
9 -3196794.406113
9 -3197460.79681
9 -3196941.575801
9 -3202640.270174
9 -3202155.649117
9 -3202155.649117
9 -3196794.406113
9 -3202593.657508
9 -3203530.101653
9 -3199438.104851
9 -3202155.649117
9 -3202155.649117
9 -3202155.649117
9 -3202127.087746
9 -3197972.245705
9 -3202531.4883
9 -3202155.649117
9 -3203530.101653
9 -3202531.4883
9 -3202262.705942
9 -3199186.571379
9 -3203722.638741
9 -3203722.638741
9 -3202531.4883
9 -3202127.087746
9 -3202935.631126
9 -3199178.194976
9 -3203380.022863
9 -3198895.225281
9 -3198895.225281
9 -3196676.182347
